GOPR1470_20190626_s2_t01_xypts.csv,0.9989877681874997 -0.04498265234241308 0.0 -2.9963200170222204 0.04498265234241308 0.9989877681874997 0.0 0.06492585990277068 0.0 0.0 1.0 4.63453848574464 0.0 0.0 0.0 1.0,3.6345384857446406
GOPR1470_20190626_s2_t02_xypts.csv,0.9997893679494938 -0.020523638448182058 0.0 -3.098848121851004 0.020523638448182058 0.9997893679494938 0.0 0.23941538302770604 0.0 0.0 1.0 4.63453848574464 0.0 0.0 0.0 1.0,3.6345384857446406
GOPR1470_20190626_s2_t03_xypts.csv,0.9919792199928957 -0.12640105657108233 0.0 -3.1291897093956833 0.12640105657108233 0.9919792199928957 0.0 0.16731328486509978 0.0 0.0 0.9999999999999999 4.63453848574464 0.0 0.0 0.0 1.0,3.6345384857446406
GOPR1470_20190626_s2_t04_xypts.csv,0.9986574506209066 -0.05180054362023129 0.0 -3.135786583682088 0.05180054362023129 0.9986574506209066 0.0 0.25739956339696923 0.0 0.0 1.0 4.63453848574464 0.0 0.0 0.0 1.0,3.6345384857446406
GP011470_20190626_s2_t05_xypts.csv,0.9981582912660958 -0.06066321436214955 0.0 -3.0160022111433937 0.06066321436214955 0.9981582912660958 0.0 0.17186099232944693 0.0 0.0 1.0 4.63453848574464 0.0 0.0 0.0 1.0,3.6345384857446406
GP011470_20190626_s2_t06_xypts.csv,0.9927998878887769 -0.1197847344532347 0.0 -3.1072293836707976 0.1197847344532347 0.9927998878887769 0.0 0.1423489790916538 0.0 0.0 1.0 4.63453848574464 0.0 0.0 0.0 1.0,3.6345384857446406
GP011470_20190626_s2_t07_xypts.csv,0.9976697254313704 -0.0682284321796559 0.0 -3.0089894712246887 0.0682284321796559 0.9976697254313704 0.0 0.16971920983535274 0.0 0.0 1.0 4.63453848574464 0.0 0.0 0.0 1.0,3.6345384857446406
GP011470_20190626_s2_t08_xypts.csv,0.9939907094688893 -0.10946446678961277 0.0 -3.1033292419480962 0.10946446678961277 0.9939907094688893 0.0 0.14147031218113215 0.0 0.0 1.0 4.63453848574464 0.0 0.0 0.0 1.0,3.6345384857446406
GP011470_20190626_s2_t09_xypts.csv,0.999999673286283 -0.0008083485185357205 0.0 -3.048443297713476 0.0008083485185357205 0.999999673286283 0.0 0.17546987978482692 0.0 0.0 1.0 4.63453848574464 0.0 0.0 0.0 1.0,3.6345384857446406
GP011470_20190626_s2_t10_xypts.csv,0.9941617898209368 -0.10789965551395977 0.0 -3.140485937630338 0.10789965551395977 0.9941617898209368 0.0 0.2383446993990324 0.0 0.0 0.9999999999999999 4.63453848574464 0.0 0.0 0.0 1.0,3.6345384857446406
GOPR1477_20190628_s3_t01_xypts.csv,0.9997559243952892 -0.02209279603220601 0.0 -2.8699911393238158 0.02209279603220601 0.9997559243952892 0.0 0.23505861348320548 0.0 0.0 1.0 4.6577755589016405 0.0 0.0 0.0 1.0,3.6577755589016405
GOPR1477_20190628_s3_t02_xypts.csv,0.9996046595608818 -0.028116269030109647 0.0 -2.8951809862335223 0.028116269030109647 0.9996046595608818 0.0 0.2732141578365771 0.0 0.0 1.0 4.6577755589016405 0.0 0.0 0.0 1.0,3.6577755589016405
GOPR1477_20190628_s3_t03_xypts.csv,0.9986099532340097 -0.05270826597384126 0.0 -3.051988943162827 0.05270826597384126 0.9986099532340097 0.0 0.33520876774172 0.0 0.0 1.0000000000000002 4.6577755589016405 0.0 0.0 0.0 1.0,3.6577755589016405
GOPR1477_20190628_s3_t04_xypts.csv,0.999578032907453 -0.02904748059413557 0.0 -2.8312520244704538 0.02904748059413557 0.999578032907453 0.0 0.2877167999018938 0.0 0.0 0.9999999999999999 4.6577755589016405 0.0 0.0 0.0 1.0,3.6577755589016405
GOPR1477_20190628_s3_t05_xypts.csv,0.9990111052388385 -0.04446134961372988 0.0 -2.9798816373891692 0.04446134961372988 0.9990111052388385 0.0 0.3953509912271519 0.0 0.0 1.0 4.6577755589016405 0.0 0.0 0.0 1.0,3.6577755589016405
GOPR1477_20190628_s3_t06_xypts.csv,0.99998196334656 -0.006006078717346067 0.0 -2.9427511675514753 0.006006078717346067 0.99998196334656 0.0 0.28724827272003267 0.0 0.0 0.9999999999999999 4.6577755589016405 0.0 0.0 0.0 1.0,3.6577755589016405
GOPR1477_20190628_s3_t07_xypts.csv,0.9944195064117844 -0.10549808182020651 0.0 -3.0270278971197686 0.10549808182020651 0.9944195064117844 0.0 0.42777715411049305 0.0 0.0 1.0 4.6577755589016405 0.0 0.0 0.0 1.0,3.6577755589016405
GOPR1477_20190628_s3_t08_xypts.csv,0.9971042961353478 -0.0760461874680936 0.0 -2.9891720609468835 0.0760461874680936 0.9971042961353478 0.0 0.46085491232571996 0.0 0.0 1.0 4.6577755589016405 0.0 0.0 0.0 1.0,3.6577755589016405
GOPR1477_20190628_s3_t09_xypts.csv,0.9881639581570217 -0.1534014074232959 0.0 -2.9541808406907273 0.1534014074232959 0.9881639581570217 0.0 0.4897112614983112 0.0 0.0 1.0000000000000002 4.6577755589016405 0.0 0.0 0.0 1.0,3.6577755589016405
GOPR1477_20190628_s3_t10_xypts.csv,0.9859756477704409 -0.16688925071333763 0.0 -3.069069583600932 0.16688925071333763 0.9859756477704409 0.0 0.6795395180172003 0.0 0.0 1.0 4.6577755589016405 0.0 0.0 0.0 1.0,3.6577755589016405
GOPR1478_20190701_s1_t01_xypts.csv,0.9999341591644837 -0.011475074553875083 0.0 -2.9080644142919208 0.011475074553875083 0.9999341591644837 0.0 0.6507571846889108 0.0 0.0 1.0 4.4908510387309395 0.0 0.0 0.0 1.0,3.49085103873094
GP011478_20190701_s1_t02_xypts.csv,0.9981009731255833 -0.06159908640364398 0.0 -2.8693524379712856 0.06159908640364398 0.9981009731255833 0.0 0.578814353147649 0.0 0.0 1.0 4.4908510387309395 0.0 0.0 0.0 1.0,3.49085103873094
GP011478_20190701_s1_t03_xypts.csv,0.9994920015219415 -0.031870658820665636 0.0 -2.858106700898825 0.031870658820665636 0.9994920015219415 0.0 0.5323647366615596 0.0 0.0 1.0 4.4908510387309395 0.0 0.0 0.0 1.0,3.49085103873094
GP011478_20190701_s1_t04_xypts.csv,0.9996472594073282 -0.026558553413497235 0.0 -2.883648626944056 0.026558553413497235 0.9996472594073282 0.0 0.5255153883306822 0.0 0.0 1.0 4.4908510387309395 0.0 0.0 0.0 1.0,3.49085103873094
GP011478_20190701_s1_t05_xypts.csv,0.9985783300721256 -0.05330402152150628 0.0 -2.840490850492718 0.05330402152150628 0.9985783300721256 0.0 0.5344648656658376 0.0 0.0 1.0 4.4908510387309395 0.0 0.0 0.0 1.0,3.49085103873094
GP011478_20190701_s1_t06_xypts.csv,0.99987935885237 -0.015532795658653691 0.0 -2.8930974995910095 0.015532795658653691 0.99987935885237 0.0 0.5507632919419853 0.0 0.0 1.0 4.4908510387309395 0.0 0.0 0.0 1.0,3.49085103873094
GP011478_20190701_s1_t07_xypts.csv,0.999964484890078 -0.008427867970065742 0.0 -2.9124971348530875 0.008427867970065742 0.999964484890078 0.0 0.6705558245750941 0.0 0.0 1.0 4.4908510387309395 0.0 0.0 0.0 1.0,3.49085103873094
GP011478_20190701_s1_t08_xypts.csv,0.999861052737109 -0.016669589660213216 0.0 -2.805387041618574 0.016669589660213216 0.999861052737109 0.0 0.5276843255834186 0.0 0.0 1.0 4.4908510387309395 0.0 0.0 0.0 1.0,3.49085103873094
GP011478_20190701_s1_t09_xypts.csv,0.9991956754535187 -0.04009990218175967 0.0 -2.876755537637269 0.04009990218175967 0.9991956754535187 0.0 0.6611605961989421 0.0 0.0 1.0 4.4908510387309395 0.0 0.0 0.0 1.0,3.49085103873094
GP011478_20190701_s1_t10_xypts.csv,0.99987983305802 -0.015502239962860478 0.0 -2.885762752176925 0.015502239962860478 0.99987983305802 0.0 0.556220032911134 0.0 0.0 0.9999999999999999 4.4908510387309395 0.0 0.0 0.0 1.0,3.49085103873094
GOPR1483_20190702_s3_t01_xypts.csv,0.998805225191479 -0.04886841648958169 0.0 -2.690874271032748 0.04886841648958169 0.998805225191479 0.0 0.1787134636648929 0.0 0.0 1.0 4.344409220954692 0.0 0.0 0.0 1.0,3.344409220954692
GOPR1483_20190702_s3_t02_xypts.csv,0.999243644111661 -0.038886240528600534 0.0 -2.692708441949119 0.038886240528600534 0.999243644111661 0.0 0.15779354373592297 0.0 0.0 1.0 4.344409220954692 0.0 0.0 0.0 1.0,3.344409220954692
GOPR1483_20190702_s3_t03_xypts.csv,0.9980781220897994 -0.0619682354573654 0.0 -2.782159067992596 0.0619682354573654 0.9980781220897994 0.0 0.28045508426001375 0.0 0.0 1.0 4.344409220954692 0.0 0.0 0.0 1.0,3.344409220954692
GOPR1483_20190702_s3_t04_xypts.csv,0.9992956358899924 -0.03752641857699732 0.0 -2.7689706651185997 0.03752641857699732 0.9992956358899924 0.0 0.2602736948046501 0.0 0.0 1.0000000000000002 4.344409220954692 0.0 0.0 0.0 1.0,3.344409220954692
GOPR1483_20190702_s3_t05_xypts.csv,0.9986269258942235 -0.052385712546962566 0.0 -2.7448280000509038 0.052385712546962566 0.9986269258942235 0.0 0.2132882949262477 0.0 0.0 1.0 4.344409220954692 0.0 0.0 0.0 1.0,3.344409220954692
GOPR1483_20190702_s3_t06_xypts.csv,0.998650767007268 -0.0519292360409354 0.0 -2.7764212671432613 0.0519292360409354 0.998650767007268 0.0 0.22057269670882237 0.0 0.0 1.0 4.344409220954692 0.0 0.0 0.0 1.0,3.344409220954692
GOPR1483_20190702_s3_t07_xypts.csv,0.9992277887073515 -0.03929155475438323 0.0 -2.7950410087999487 0.03929155475438323 0.9992277887073515 0.0 0.28344081181715886 0.0 0.0 1.0 4.344409220954692 0.0 0.0 0.0 1.0,3.344409220954692
GOPR1483_20190702_s3_t08_xypts.csv,0.9989085804938077 -0.04670811295531097 0.0 -2.77297854907053 0.04670811295531097 0.9989085804938077 0.0 0.17162510619253862 0.0 0.0 1.0 4.344409220954692 0.0 0.0 0.0 1.0,3.344409220954692
GOPR1483_20190702_s3_t09_xypts.csv,0.9969718807477149 -0.07776290245588892 0.0 -2.773797494725829 0.07776290245588892 0.9969718807477149 0.0 0.17801234505144262 0.0 0.0 0.9999999999999999 4.344409220954692 0.0 0.0 0.0 1.0,3.344409220954692
GP011483_20190702_s3_t10_xypts.csv,0.9983396881643456 -0.057600929123730056 0.0 -2.765667930951261 0.057600929123730056 0.9983396881643456 0.0 0.21652677047457952 0.0 0.0 1.0 4.344409220954692 0.0 0.0 0.0 1.0,3.344409220954692
GOPR1484_20190703_s1_t01_xypts.csv,0.9999792184807748 -0.0064469067450342405 0.0 -2.926682941848552 0.0064469067450342405 0.9999792184807748 0.0 0.4462536297323229 0.0 0.0 1.0 4.3037478389120984 0.0 0.0 0.0 1.0,3.303747838912099
GOPR1484_20190703_s1_t02_xypts.csv,0.9992817564981566 -0.03789420971545341 0.0 -2.891124360368559 0.03789420971545341 0.9992817564981566 0.0 0.4422025688943126 0.0 0.0 1.0 4.3037478389120984 0.0 0.0 0.0 1.0,3.303747838912099
GOPR1484_20190703_s1_t03_xypts.csv,0.9979166873212948 -0.06451577454927718 0.0 -2.9624250491215918 0.06451577454927718 0.9979166873212948 0.0 0.4504982131605234 0.0 0.0 1.0 4.3037478389120984 0.0 0.0 0.0 1.0,3.303747838912099
GOPR1484_20190703_s1_t04_xypts.csv,0.9994583318274354 -0.03290961775408641 0.0 -2.942382684815394 0.03290961775408641 0.9994583318274354 0.0 0.45035215541982015 0.0 0.0 0.9999999999999999 4.3037478389120984 0.0 0.0 0.0 1.0,3.303747838912099
GOPR1484_20190703_s1_t05_xypts.csv,0.9985896054030968 -0.05309237215351748 0.0 -2.9763423219907668 0.05309237215351748 0.9985896054030968 0.0 0.5515941451598662 0.0 0.0 1.0 4.3037478389120984 0.0 0.0 0.0 1.0,3.303747838912099
GOPR1484_20190703_s1_t06_xypts.csv,0.9995549510292514 -0.029831189599324192 0.0 -2.932399959999984 0.029831189599324192 0.9995549510292514 0.0 0.44888552892559536 0.0 0.0 1.0 4.3037478389120984 0.0 0.0 0.0 1.0,3.303747838912099
GOPR1484_20190703_s1_t07_xypts.csv,0.9997800311718505 -0.020973537374833744 0.0 -2.9625184339567356 0.020973537374833744 0.9997800311718505 0.0 0.5490181498148766 0.0 0.0 1.0 4.3037478389120984 0.0 0.0 0.0 1.0,3.303747838912099
GOPR1484_20190703_s1_t08_xypts.csv,0.9983816896415231 -0.05686828455771722 0.0 -2.9491682814316897 0.05686828455771722 0.9983816896415231 0.0 0.4562780717875761 0.0 0.0 0.9999999999999999 4.3037478389120984 0.0 0.0 0.0 1.0,3.303747838912099
GOPR1484_20190703_s1_t09_xypts.csv,0.999213968497656 -0.03964145758124422 0.0 -2.9722304689459507 0.03964145758124422 0.999213968497656 0.0 0.5407698097318266 0.0 0.0 1.0 4.3037478389120984 0.0 0.0 0.0 1.0,3.303747838912099
GOPR1484_20190703_s1_t10_xypts.csv,0.9985226472126354 -0.05433712362161485 0.0 -2.9495106924938854 0.05433712362161485 0.9985226472126354 0.0 0.4391829336554556 0.0 0.0 1.0 4.3037478389120984 0.0 0.0 0.0 1.0,3.303747838912099
GOPR1485_20190703_s2_t01_xypts.csv,0.9986864560083298 -0.0512382921799946 0.0 -2.8504701684016474 0.0512382921799946 0.9986864560083298 0.0 0.3712278669592808 0.0 0.0 1.0000000000000002 4.292417323649647 0.0 0.0 0.0 1.0,3.292417323649647
GOPR1485_20190703_s2_t02_xypts.csv,0.9833483357130297 -0.1817307091561986 0.0 -3.0523462008038753 0.1817307091561986 0.9833483357130297 0.0 0.35136901815025345 0.0 0.0 1.0 4.292417323649647 0.0 0.0 0.0 1.0,3.292417323649647
GOPR1485_20190703_s2_t03_xypts.csv,0.9994940476786245 -0.03180642474405952 0.0 -2.8527685687911437 0.03180642474405952 0.9994940476786245 0.0 0.38998011533162374 0.0 0.0 1.0 4.292417323649647 0.0 0.0 0.0 1.0,3.292417323649647
GOPR1485_20190703_s2_t04_xypts.csv,0.999987832517382 -0.004933033264494144 0.0 -2.858283188705043 0.004933033264494144 0.999987832517382 0.0 0.3793936351499593 0.0 0.0 1.0 4.292417323649647 0.0 0.0 0.0 1.0,3.292417323649647
GOPR1485_20190703_s2_t05_xypts.csv,0.9998979486503935 -0.01428608710371129 0.0 -2.854574754198282 0.01428608710371129 0.9998979486503935 0.0 0.3715881580821624 0.0 0.0 0.9999999999999999 4.292417323649647 0.0 0.0 0.0 1.0,3.292417323649647
GP011485_20190703_s2_t06_xypts.csv,0.9988759911139515 -0.047399940676342574 0.0 -2.851193399359057 0.047399940676342574 0.9988759911139515 0.0 0.3830588249523871 0.0 0.0 1.0 4.292417323649647 0.0 0.0 0.0 1.0,3.292417323649647
GP011485_20190703_s2_t07_xypts.csv,0.9993711097499394 -0.03545962488767219 0.0 -2.843412046631608 0.03545962488767219 0.9993711097499394 0.0 0.37725176659884335 0.0 0.0 1.0 4.292417323649647 0.0 0.0 0.0 1.0,3.292417323649647
GP011485_20190703_s2_t08_xypts.csv,0.9999708466936641 -0.007635821027025311 0.0 -2.857434037783864 0.007635821027025311 0.9999708466936641 0.0 0.38724791432657696 0.0 0.0 1.0 4.292417323649647 0.0 0.0 0.0 1.0,3.292417323649647
GP011485_20190703_s2_t09_xypts.csv,0.9995057973905755 -0.03143502795655708 0.0 -2.843207223977656 0.03143502795655708 0.9995057973905755 0.0 0.3799942952870735 0.0 0.0 0.9999999999999999 4.292417323649647 0.0 0.0 0.0 1.0,3.292417323649647
GP011485_20190703_s2_t10_xypts.csv,0.9999002732518814 -0.014122448470899841 0.0 -2.8432711884469812 0.014122448470899841 0.9999002732518814 0.0 0.37847084584109025 0.0 0.0 1.0 4.292417323649647 0.0 0.0 0.0 1.0,3.292417323649647
GP011485_20190703_s2_t11_xypts.csv,0.9996971194705351 -0.024610349902326387 0.0 -2.8413642073643532 0.024610349902326387 0.9996971194705351 0.0 0.3690375328103547 0.0 0.0 1.0 4.292417323649647 0.0 0.0 0.0 1.0,3.292417323649647
GOPR1486_20190703_s3_t01_xypts.csv,0.9889144296563754 -0.14848653412820267 0.0 -2.5433288522562627 0.14848653412820267 0.9889144296563754 0.0 0.4790111730753332 0.0 0.0 1.0 4.257768707868948 0.0 0.0 0.0 1.0,3.2577687078689475
GOPR1486_20190703_s3_t02_xypts.csv,0.9995072848395679 -0.03138769747265589 0.0 -2.6771527461214757 0.03138769747265589 0.9995072848395679 0.0 0.49177480996189654 0.0 0.0 1.0 4.257768707868948 0.0 0.0 0.0 1.0,3.2577687078689475
GOPR1486_20190703_s3_t03_xypts.csv,0.9938566964556508 -0.11067459920984674 0.0 -2.680076522746808 0.11067459920984674 0.9938566964556508 0.0 0.472104623439141 0.0 0.0 1.0 4.257768707868948 0.0 0.0 0.0 1.0,3.2577687078689475
GOPR1486_20190703_s3_t04_xypts.csv,0.9925081599719527 -0.12217836301526007 0.0 -2.6426764383731953 0.12217836301526007 0.9925081599719527 0.0 0.5205847080113585 0.0 0.0 1.0 4.257768707868948 0.0 0.0 0.0 1.0,3.2577687078689475
GOPR1486_20190703_s3_t05_xypts.csv,0.9949397803406909 -0.10047304860318312 0.0 -2.6453285436156424 0.10047304860318312 0.9949397803406909 0.0 0.5048873218921484 0.0 0.0 0.9999999999999999 4.257768707868948 0.0 0.0 0.0 1.0,3.2577687078689475
GOPR1486_20190703_s3_t06_xypts.csv,0.9968294944117573 -0.07956732414000478 0.0 -2.6625046238680454 0.07956732414000478 0.9968294944117573 0.0 0.49837186040505055 0.0 0.0 1.0 4.257768707868948 0.0 0.0 0.0 1.0,3.2577687078689475
GOPR1486_20190703_s3_t07_xypts.csv,0.9984360909178682 -0.0559050297616089 0.0 -2.6762529317025963 0.0559050297616089 0.9984360909178682 0.0 0.5890677723993324 0.0 0.0 1.0 4.257768707868948 0.0 0.0 0.0 1.0,3.2577687078689475
GOPR1486_20190703_s3_t08_xypts.csv,0.9958268769493468 -0.0912624300865931 0.0 -2.6138126224243794 0.0912624300865931 0.9958268769493468 0.0 0.5290105996212349 0.0 0.0 1.0 4.257768707868948 0.0 0.0 0.0 1.0,3.2577687078689475
GOPR1486_20190703_s3_t09_xypts.csv,0.9947909695729737 -0.1019358958172381 0.0 -2.65336415751942 0.1019358958172381 0.9947909695729737 0.0 0.4885520700401164 0.0 0.0 1.0 4.257768707868948 0.0 0.0 0.0 1.0,3.2577687078689475
GOPR1486_20190703_s3_t10_xypts.csv,0.9816240800472805 -0.19082496029432425 0.0 -2.6325441385884156 0.19082496029432425 0.9816240800472805 0.0 0.4856397551942293 0.0 0.0 1.0 4.257768707868948 0.0 0.0 0.0 1.0,3.2577687078689475
GOPR1487_20190704_s1_t01_xypts.csv,0.9988162575992243 -0.048642404910530096 0.0 -2.2836896995019598 0.048642404910530096 0.9988162575992243 0.0 0.31293983512931633 0.0 0.0 1.0 4.423897153554195 0.0 0.0 0.0 1.0,3.4238971535541958
GOPR1487_20190704_s1_t02_xypts.csv,0.9964207525216286 -0.08453214740104202 0.0 -2.34624814651048 0.08453214740104202 0.9964207525216286 0.0 0.344900402312486 0.0 0.0 1.0 4.423897153554195 0.0 0.0 0.0 1.0,3.4238971535541958
GOPR1487_20190704_s1_t03_xypts.csv,0.9974173961094013 -0.07182296247260682 0.0 -2.282404668722693 0.07182296247260682 0.9974173961094013 0.0 0.316887320143196 0.0 0.0 1.0 4.423897153554195 0.0 0.0 0.0 1.0,3.4238971535541958
GOPR1487_20190704_s1_t04_xypts.csv,0.9990731223710081 -0.0430452802969697 0.0 -2.374688106656612 0.0430452802969697 0.9990731223710081 0.0 0.354351539076788 0.0 0.0 1.0 4.423897153554195 0.0 0.0 0.0 1.0,3.4238971535541958
GOPR1487_20190704_s1_t05_xypts.csv,0.9915264400031026 -0.1299050375265483 0.0 -2.3661459298681673 0.1299050375265483 0.9915264400031026 0.0 0.4099384659341384 0.0 0.0 1.0 4.423897153554195 0.0 0.0 0.0 1.0,3.4238971535541958
GOPR1487_20190704_s1_t06_xypts.csv,0.9993465469102147 -0.0361452511214125 0.0 -2.2978945166142917 0.0361452511214125 0.9993465469102147 0.0 0.31649395767751326 0.0 0.0 1.0 4.423897153554195 0.0 0.0 0.0 1.0,3.4238971535541958
GOPR1487_20190704_s1_t07_xypts.csv,0.9993656845510839 -0.03561219653073556 0.0 -2.360765032904351 0.03561219653073556 0.9993656845510839 0.0 0.32453460802644524 0.0 0.0 1.0 4.423897153554195 0.0 0.0 0.0 1.0,3.4238971535541958
GOPR1487_20190704_s1_t08_xypts.csv,0.9951385900233012 -0.09848444875428966 0.0 -2.344750605610011 0.09848444875428966 0.9951385900233012 0.0 0.3489407851618262 0.0 0.0 1.0 4.423897153554195 0.0 0.0 0.0 1.0,3.4238971535541958
GOPR1487_20190704_s1_t09_xypts.csv,0.9990848469279477 -0.042772288212807194 0.0 -2.364010999964296 0.042772288212807194 0.9990848469279477 0.0 0.32245727617538106 0.0 0.0 1.0000000000000002 4.423897153554195 0.0 0.0 0.0 1.0,3.4238971535541958
GOPR1487_20190704_s1_t10_xypts.csv,0.9964379805067816 -0.08432882664644746 0.0 -2.288449326683314 0.08432882664644746 0.9964379805067816 0.0 0.3240342685422382 0.0 0.0 1.0 4.423897153554195 0.0 0.0 0.0 1.0,3.4238971535541958
GOPR1488_20190704_s2_t01_xypts.csv,0.9981838177599067 -0.06024172940958408 0.0 -2.6146446428214203 0.06024172940958408 0.9981838177599067 0.0 0.29025990688453956 0.0 0.0 1.0 4.3169573897091205 0.0 0.0 0.0 1.0,3.31695738970912
GOPR1488_20190704_s2_t02_xypts.csv,0.9986849279247594 -0.05126806740962801 0.0 -2.61760700687911 0.05126806740962801 0.9986849279247594 0.0 0.3177985053295782 0.0 0.0 1.0 4.3169573897091205 0.0 0.0 0.0 1.0,3.31695738970912
GOPR1488_20190704_s2_t03_xypts.csv,0.9977134277352279 -0.067586360434795 0.0 -2.6049242689872956 0.067586360434795 0.9977134277352279 0.0 0.28881050717843176 0.0 0.0 0.9999999999999999 4.3169573897091205 0.0 0.0 0.0 1.0,3.31695738970912
GOPR1488_20190704_s2_t04_xypts.csv,0.9973072707776331 -0.07333626424947577 0.0 -2.60871067657714 0.07333626424947577 0.9973072707776331 0.0 0.3024194003596957 0.0 0.0 1.0 4.3169573897091205 0.0 0.0 0.0 1.0,3.31695738970912
GOPR1488_20190704_s2_t05_xypts.csv,0.997761601112973 -0.06687142397524411 0.0 -2.6203078714374115 0.06687142397524411 0.997761601112973 0.0 0.29719631890041637 0.0 0.0 1.0 4.3169573897091205 0.0 0.0 0.0 1.0,3.31695738970912
GOPR1488_20190704_s2_t06_xypts.csv,0.9979726389362098 -0.0636444179382405 0.0 -2.6175757830582875 0.0636444179382405 0.9979726389362098 0.0 0.30861897117156933 0.0 0.0 1.0 4.3169573897091205 0.0 0.0 0.0 1.0,3.31695738970912
GOPR1488_20190704_s2_t07_xypts.csv,0.9980760361995671 -0.06200182226483535 0.0 -2.635323068504734 0.06200182226483535 0.9980760361995671 0.0 0.27641331961315707 0.0 0.0 1.0 4.3169573897091205 0.0 0.0 0.0 1.0,3.31695738970912
GP011488_20190704_s2_t08_xypts.csv,0.9951366431847984 -0.09850411864938009 0.0 -2.616331816461844 0.09850411864938009 0.9951366431847984 0.0 0.3272502781083287 0.0 0.0 1.0 4.3169573897091205 0.0 0.0 0.0 1.0,3.31695738970912
GP011488_20190704_s2_t09_xypts.csv,0.9965171135386468 -0.08338850295216657 0.0 -2.6136402792897266 0.08338850295216657 0.9965171135386468 0.0 0.30968876782352495 0.0 0.0 1.0 4.3169573897091205 0.0 0.0 0.0 1.0,3.31695738970912
GP011488_20190704_s2_t10_xypts.csv,0.9983681211040428 -0.05710599586018332 0.0 -2.6135810814246514 0.05710599586018332 0.9983681211040428 0.0 0.31174208440959333 0.0 0.0 0.9999999999999999 4.3169573897091205 0.0 0.0 0.0 1.0,3.31695738970912
GP011488_20190704_s2_t11_xypts.csv,0.9983539966446845 -0.05735239649382842 0.0 -2.601555995258913 0.05735239649382842 0.9983539966446845 0.0 0.31690988414450944 0.0 0.0 1.0 4.3169573897091205 0.0 0.0 0.0 1.0,3.31695738970912
