GOPR1466_20190625_s1_t01_xypts.csv,0.9980254132826653 -0.06281141967799325 0.0 -2.1427944593868893 0.06281141967799325 0.9980254132826653 0.0 -0.461158418966412 0.0 0.0 0.9999999999999999 4.296880684421721 0.0 0.0 0.0 1.0,3.4414940978167343
GOPR1466_20190625_s1_t02_xypts.csv,0.99997380092269 -0.007238609550766753 0.0 -2.098826357172082 0.007238609550766753 0.99997380092269 0.0 -0.43212919765835917 0.0 0.0 1.0 4.296880684421721 0.0 0.0 0.0 1.0,3.4414940978167343
GOPR1466_20190625_s1_t03_xypts.csv,0.9998504308405513 -0.017294968862772202 0.0 -2.1008929852186515 0.017294968862772202 0.9998504308405513 0.0 -0.4567619954424147 0.0 0.0 1.0000000000000002 4.296880684421721 0.0 0.0 0.0 1.0,3.4414940978167343
GOPR1466_20190625_s1_t04_xypts.csv,0.9999866063566215 -0.005175626277784812 0.0 -2.1045991356071068 0.005175626277784812 0.9999866063566215 0.0 -0.40618516675940286 0.0 0.0 1.0 4.296880684421721 0.0 0.0 0.0 1.0,3.4414940978167343
GOPR1466_20190625_s1_t05_xypts.csv,0.9999715921113257 -0.007537570586102583 0.0 -2.119576400972749 0.007537570586102583 0.9999715921113257 0.0 -0.4122200805451108 0.0 0.0 1.0 4.296880684421721 0.0 0.0 0.0 1.0,3.4414940978167343
GP011466_20190625_s1_t06_xypts.csv,0.9999968606848157 -0.0025057175644880598 0.0 -2.0884490173305084 0.0025057175644880598 0.9999968606848157 0.0 -0.4016136055159206 0.0 0.0 1.0 4.296880684421721 0.0 0.0 0.0 1.0,3.4414940978167343
GOPR1467_20190625_s2_t01_xypts.csv,0.9990885461585576 -0.042685793125811104 0.0 -2.2296161755413455 0.042685793125811104 0.9990885461585576 0.0 -0.5771875131969509 0.0 0.0 0.9999999999999999 4.491307567477204 0.0 0.0 0.0 1.0,3.4414940978167343
GOPR1467_20190625_s2_t02_xypts.csv,0.9952645939600522 -0.097202818938201 0.0 -2.238122397597257 0.097202818938201 0.9952645939600522 0.0 -0.6312509592173772 0.0 0.0 1.0 4.491307567477204 0.0 0.0 0.0 1.0,3.4414940978167343
GOPR1467_20190625_s2_t03_xypts.csv,0.9949775804828382 -0.10009802363941743 0.0 -2.2282769700375824 0.10009802363941743 0.9949775804828382 0.0 -0.6221251385685568 0.0 0.0 1.0 4.491307567477204 0.0 0.0 0.0 1.0,3.4414940978167343
GOPR1467_20190625_s2_t04_xypts.csv,0.9999291569540074 -0.011902985896329878 0.0 -2.209717484232042 0.011902985896329878 0.9999291569540074 0.0 -0.5898965433238232 0.0 0.0 1.0 4.491307567477204 0.0 0.0 0.0 1.0,3.4414940978167343
GOPR1467_20190625_s2_t05_xypts.csv,0.9975900324580733 -0.06938391124965662 0.0 -2.2618754247409116 0.06938391124965662 0.9975900324580733 0.0 -0.5597970055713618 0.0 0.0 1.0 4.491307567477204 0.0 0.0 0.0 1.0,3.4414940978167343
GOPR1467_20190625_s2_t06_xypts.csv,0.9999774082339147 -0.006721831728221719 0.0 -2.2945549789558704 0.006721831728221719 0.9999774082339147 0.0 -0.4879360881189039 0.0 0.0 0.9999999999999999 4.491307567477204 0.0 0.0 0.0 1.0,3.4414940978167343
GOPR1467_20190625_s2_t07_xypts.csv,0.999937351998345 -0.011193394415364114 0.0 -2.213945162119724 0.011193394415364114 0.999937351998345 0.0 -0.610288790743584 0.0 0.0 1.0 4.491307567477204 0.0 0.0 0.0 1.0,3.4414940978167343
GP011467_20190625_s2_t08_xypts.csv,0.9999723096036714 -0.00744177572215325 0.0 -2.290347146189427 0.00744177572215325 0.9999723096036714 0.0 -0.4799477713092117 0.0 0.0 1.0 4.491307567477204 0.0 0.0 0.0 1.0,3.4414940978167343
GOPR1469_20190626_s1_t01_xypts.csv,0.9990114871872661 -0.04445276670677457 0.0 -2.1427700419740296 0.04445276670677457 0.9990114871872661 0.0 -0.32264404575413197 0.0 0.0 0.9999999999999999 4.208950094668256 0.0 0.0 0.0 1.0,3.4414940978167343
GOPR1469_20190626_s1_t02_xypts.csv,0.9997833112567834 -0.02081659271883643 0.0 -2.158552192957134 0.02081659271883643 0.9997833112567834 0.0 -0.23768574529993683 0.0 0.0 1.0000000000000002 4.208950094668256 0.0 0.0 0.0 1.0,3.4414940978167343
GOPR1469_20190626_s1_t03_xypts.csv,0.9999732447061885 -0.007315044208817891 0.0 -2.1459780543387943 0.007315044208817891 0.9999732447061885 0.0 -0.22904656607782772 0.0 0.0 0.9999999999999999 4.208950094668256 0.0 0.0 0.0 1.0,3.4414940978167343
GOPR1469_20190626_s1_t04_xypts.csv,0.999343927412224 -0.03621760268586743 0.0 -2.126048928853609 0.03621760268586743 0.999343927412224 0.0 -0.2956623730913243 0.0 0.0 1.0 4.208950094668256 0.0 0.0 0.0 1.0,3.4414940978167343
GOPR1469_20190626_s1_t05_xypts.csv,0.9996044751616051 -0.028122824127241732 0.0 -2.1552388106475675 0.028122824127241732 0.9996044751616051 0.0 -0.16327838871419356 0.0 0.0 1.0 4.208950094668256 0.0 0.0 0.0 1.0,3.4414940978167343
GOPR1469_20190626_s1_t06_xypts.csv,0.9998773476008184 -0.015661728983495507 0.0 -2.115052767066423 0.015661728983495507 0.9998773476008184 0.0 -0.225260378027746 0.0 0.0 1.0000000000000002 4.208950094668256 0.0 0.0 0.0 1.0,3.4414940978167343
GOPR1469_20190626_s1_t07_xypts.csv,0.9992039605966301 -0.039892920775594996 0.0 -2.1539201272163275 0.039892920775594996 0.9992039605966301 0.0 -0.1528678645065825 0.0 0.0 1.0 4.208950094668256 0.0 0.0 0.0 1.0,3.4414940978167343
GOPR1469_20190626_s1_t08_xypts.csv,0.9987406342560285 -0.050171161894716126 0.0 -2.1495990619132934 0.050171161894716126 0.9987406342560285 0.0 -0.17648907094156438 0.0 0.0 1.0 4.208950094668256 0.0 0.0 0.0 1.0,3.4414940978167343
GOPR1469_20190626_s1_t09_xypts.csv,0.9998272062601501 -0.01858918024075523 0.0 -2.113986978537889 0.01858918024075523 0.9998272062601501 0.0 -0.22481659617786123 0.0 0.0 1.0 4.208950094668256 0.0 0.0 0.0 1.0,3.4414940978167343
GOPR1469_20190626_s1_t10_xypts.csv,0.9977754978417801 -0.06666375256905098 0.0 -2.1515287695133543 0.06666375256905098 0.9977754978417801 0.0 -0.22000937349161825 0.0 0.0 1.0 4.208950094668256 0.0 0.0 0.0 1.0,3.4414940978167343
GOPR1470_20190626_s2_t01_xypts.csv,0.9988275835040696 -0.048409280426598124 0.0 -2.347576117790379 0.048409280426598124 0.9988275835040696 0.0 -0.730051010206688 0.0 0.0 1.0 4.5888320509115825 0.0 0.0 0.0 1.0,3.4414940978167343
GOPR1470_20190626_s2_t02_xypts.csv,0.9969333431631058 -0.07825541060931794 0.0 -2.4005306451196344 0.07825541060931794 0.9969333431631058 0.0 -0.6160559436439859 0.0 0.0 1.0 4.5888320509115825 0.0 0.0 0.0 1.0,3.4414940978167343
GOPR1470_20190626_s2_t03_xypts.csv,0.9920743010852592 -0.12565262084888842 0.0 -2.3882815212593376 0.12565262084888842 0.9920743010852592 0.0 -0.6481888527199771 0.0 0.0 0.9999999999999999 4.5888320509115825 0.0 0.0 0.0 1.0,3.4414940978167343
GOPR1470_20190626_s2_t04_xypts.csv,0.9962195989201239 -0.08687065515711988 0.0 -2.40476376788192 0.08687065515711988 0.9962195989201239 0.0 -0.5989010645511496 0.0 0.0 1.0 4.5888320509115825 0.0 0.0 0.0 1.0,3.4414940978167343
GP011470_20190626_s2_t05_xypts.csv,0.9980165009807328 -0.06295286943559414 0.0 -2.3451784837576763 0.06295286943559414 0.9980165009807328 0.0 -0.7391925731157939 0.0 0.0 0.9999999999999999 4.5888320509115825 0.0 0.0 0.0 1.0,3.4414940978167343
GP011470_20190626_s2_t06_xypts.csv,0.9928284653112902 -0.11954764099566328 0.0 -2.37679773845457 0.11954764099566328 0.9928284653112902 0.0 -0.6644047206331644 0.0 0.0 1.0 4.5888320509115825 0.0 0.0 0.0 1.0,3.4414940978167343
GP011470_20190626_s2_t07_xypts.csv,0.9975329818283162 -0.07019936014457684 0.0 -2.3343671298617994 0.07019936014457684 0.9975329818283162 0.0 -0.727412750048164 0.0 0.0 0.9999999999999999 4.5888320509115825 0.0 0.0 0.0 1.0,3.4414940978167343
GP011470_20190626_s2_t08_xypts.csv,0.9939656874107932 -0.10969144109724165 0.0 -2.3801902773633126 0.10969144109724165 0.9939656874107932 0.0 -0.6781156626104355 0.0 0.0 1.0 4.5888320509115825 0.0 0.0 0.0 1.0,3.4414940978167343
GP011470_20190626_s2_t09_xypts.csv,0.9985016782848897 -0.05472109704911523 0.0 -2.3798094797436784 0.05472109704911523 0.9985016782848897 0.0 -0.6906129300106061 0.0 0.0 1.0 4.5888320509115825 0.0 0.0 0.0 1.0,3.4414940978167343
GP011470_20190626_s2_t10_xypts.csv,0.9967550159599741 -0.08049495734909017 0.0 -2.4078293893445566 0.08049495734909017 0.9967550159599741 0.0 -0.6257876674075417 0.0 0.0 1.0 4.5888320509115825 0.0 0.0 0.0 1.0,3.4414940978167343
GOPR1471_20190626_s3_t01_xypts.csv,0.9959367827390327 -0.09005512082843745 0.0 -2.28250572770894 0.09005512082843745 0.9959367827390327 0.0 -0.6575337933244485 0.0 0.0 0.9999999999999999 4.511061229411933 0.0 0.0 0.0 1.0,3.4414940978167343
GOPR1471_20190626_s3_t02_xypts.csv,0.9992040919784071 -0.039889629900598904 0.0 -2.3324528618813147 0.039889629900598904 0.9992040919784071 0.0 -0.6384455313986656 0.0 0.0 1.0 4.511061229411933 0.0 0.0 0.0 1.0,3.4414940978167343
GP011471_20190626_s3_t03_xypts.csv,0.999707057434103 -0.02420329143829874 0.0 -2.3435870530030094 0.02420329143829874 0.999707057434103 0.0 -0.571259304263911 0.0 0.0 1.0 4.511061229411933 0.0 0.0 0.0 1.0,3.4414940978167343
GP011471_20190626_s3_t04_xypts.csv,0.9996919432617113 -0.024819721546053553 0.0 -2.3300834201613103 0.024819721546053553 0.9996919432617113 0.0 -0.6345974930753464 0.0 0.0 1.0 4.511061229411933 0.0 0.0 0.0 1.0,3.4414940978167343
GP011471_20190626_s3_t05_xypts.csv,0.999997241434941 -0.00234885557419187 0.0 -2.3551906209795885 0.00234885557419187 0.999997241434941 0.0 -0.5231932585311143 0.0 0.0 1.0 4.511061229411933 0.0 0.0 0.0 1.0,3.4414940978167343
GP011471_20190626_s3_t06_xypts.csv,0.9999627380234668 -0.008632645284715657 0.0 -2.3431823527194435 0.008632645284715657 0.9999627380234668 0.0 -0.5687432237702986 0.0 0.0 1.0 4.511061229411933 0.0 0.0 0.0 1.0,3.4414940978167343
GP011471_20190626_s3_t07_xypts.csv,0.9978839019088364 -0.06502090672388444 0.0 -2.2944762406325285 0.06502090672388444 0.9978839019088364 0.0 -0.7111375323513381 0.0 0.0 1.0 4.511061229411933 0.0 0.0 0.0 1.0,3.4414940978167343
GP011471_20190626_s3_t08_xypts.csv,0.996893597231133 -0.07876011553808028 0.0 -2.3399507785298628 0.07876011553808028 0.996893597231133 0.0 -0.6467090569914639 0.0 0.0 1.0 4.511061229411933 0.0 0.0 0.0 1.0,3.4414940978167343
GP011471_20190626_s3_t09_xypts.csv,0.9969508251382109 -0.07803237953721691 0.0 -2.267222543901665 0.07803237953721691 0.9969508251382109 0.0 -0.6949540394271966 0.0 0.0 1.0 4.511061229411933 0.0 0.0 0.0 1.0,3.4414940978167343
GP011471_20190626_s3_t10_xypts.csv,0.9998880470114789 -0.01496306932318698 0.0 -2.346992162152183 0.01496306932318698 0.9998880470114789 0.0 -0.5840635559924054 0.0 0.0 0.9999999999999999 4.511061229411933 0.0 0.0 0.0 1.0,3.4414940978167343
GOPR1472_20190627_s1_t01_xypts.csv,0.9947039344652988 -0.1027817238581585 0.0 -2.413601426729087 0.1027817238581585 0.9947039344652988 0.0 -0.8138953609932863 0.0 0.0 1.0 4.660727698423101 0.0 0.0 0.0 1.0,3.4414940978167343
GOPR1472_20190627_s1_t02_xypts.csv,0.9996022902713502 -0.028200377378173495 0.0 -2.3172069713480377 0.028200377378173495 0.9996022902713502 0.0 -0.8685311097029595 0.0 0.0 1.0 4.660727698423101 0.0 0.0 0.0 1.0,3.4414940978167343
GOPR1472_20190627_s1_t03_xypts.csv,0.9997557193151625 -0.022102074486844592 0.0 -2.3210602734895 0.022102074486844592 0.9997557193151625 0.0 -0.8408158615275574 0.0 0.0 1.0 4.660727698423101 0.0 0.0 0.0 1.0,3.4414940978167343
GOPR1472_20190627_s1_t04_xypts.csv,0.990203095736601 -0.1396346274877823 0.0 -2.3918345577683255 0.1396346274877823 0.990203095736601 0.0 -0.8908848708650944 0.0 0.0 1.0 4.660727698423101 0.0 0.0 0.0 1.0,3.4414940978167343
GOPR1472_20190627_s1_t05_xypts.csv,0.9999466961777155 -0.010324960206779272 0.0 -2.35560983200821 0.010324960206779272 0.9999466961777155 0.0 -0.7901605365788211 0.0 0.0 1.0 4.660727698423101 0.0 0.0 0.0 1.0,3.4414940978167343
GOPR1472_20190627_s1_t06_xypts.csv,0.9960799564648093 -0.08845744925705155 0.0 -2.3227570078252495 0.08845744925705155 0.9960799564648093 0.0 -0.8983057440701299 0.0 0.0 1.0 4.660727698423101 0.0 0.0 0.0 1.0,3.4414940978167343
GOPR1472_20190627_s1_t07_xypts.csv,0.9965176842588577 -0.08338168239705677 0.0 -2.407844405792969 0.08338168239705677 0.9965176842588577 0.0 -0.7645580878307938 0.0 0.0 1.0 4.660727698423101 0.0 0.0 0.0 1.0,3.4414940978167343
GOPR1472_20190627_s1_t08_xypts.csv,0.9999537285298532 -0.009619812848721248 0.0 -2.2930358222479743 0.009619812848721248 0.9999537285298532 0.0 -0.8127966892991136 0.0 0.0 1.0 4.660727698423101 0.0 0.0 0.0 1.0,3.4414940978167343
GP011472_20190627_s1_t09_xypts.csv,0.9973496793028143 -0.07275724839885934 0.0 -2.311120485834123 0.07275724839885934 0.9973496793028143 0.0 -0.7794803255862394 0.0 0.0 1.0 4.660727698423101 0.0 0.0 0.0 1.0,3.4414940978167343
GP011472_20190627_s1_t10_xypts.csv,0.9992118407978055 -0.0396950527076218 0.0 -2.422532458323318 0.0396950527076218 0.9992118407978055 0.0 -0.6989864700757029 0.0 0.0 1.0 4.660727698423101 0.0 0.0 0.0 1.0,3.4414940978167343
GP011472_20190627_s1_t11_xypts.csv,0.9967789995507719 -0.08019741925126114 0.0 -2.4148331674586463 0.08019741925126114 0.9967789995507719 0.0 -0.7045150450667141 0.0 0.0 1.0 4.660727698423101 0.0 0.0 0.0 1.0,3.4414940978167343
GP011473_20190627_s2_t07_xypts.csv,0.9998863238136277 -0.01507778002455752 0.0 -2.2918494906366633 0.01507778002455752 0.9998863238136277 0.0 -0.5754806178658814 0.0 0.0 1.0 4.588368310562142 0.0 0.0 0.0 1.0,3.4414940978167343
GP011473_20190627_s2_t08_xypts.csv,0.9978811377206424 -0.06506331517342309 0.0 -2.323095041017014 0.06506331517342309 0.9978811377206424 0.0 -0.5826551442234223 0.0 0.0 0.9999999999999999 4.588368310562142 0.0 0.0 0.0 1.0,3.4414940978167343
GP011473_20190627_s2_t09_xypts.csv,0.9980271789216414 -0.06278335873230888 0.0 -2.2490469594985187 0.06278335873230888 0.9980271789216414 0.0 -0.5913134326592218 0.0 0.0 0.9999999999999999 4.588368310562142 0.0 0.0 0.0 1.0,3.4414940978167343
GP011473_20190627_s2_t10_xypts.csv,0.9950762360564918 -0.09911248375278006 0.0 -2.311816000971166 0.09911248375278006 0.9950762360564918 0.0 -0.5306226903275071 0.0 0.0 1.0 4.588368310562142 0.0 0.0 0.0 1.0,3.4414940978167343
GOPR1474_20190627_s3_t01_xypts.csv,0.9953640041654459 -0.09617951555154658 0.0 -2.2649135473694346 0.09617951555154658 0.9953640041654459 0.0 -0.8376783979225755 0.0 0.0 1.0 4.646298248143427 0.0 0.0 0.0 1.0,3.4414940978167343
GOPR1474_20190627_s3_t02_xypts.csv,0.9988136714327973 -0.04869547986143881 0.0 -2.326913758652485 0.04869547986143881 0.9988136714327973 0.0 -0.6862019327242541 0.0 0.0 1.0 4.646298248143427 0.0 0.0 0.0 1.0,3.4414940978167343
GOPR1474_20190627_s3_t03_xypts.csv,0.9951272991463271 -0.09859847105171844 0.0 -2.282567208686736 0.09859847105171844 0.9951272991463271 0.0 -0.8527815638283356 0.0 0.0 1.0 4.646298248143427 0.0 0.0 0.0 1.0,3.4414940978167343
GOPR1474_20190627_s3_t04_xypts.csv,0.9818324166377698 -0.1897501136738444 0.0 -2.225692299492867 0.1897501136738444 0.9818324166377698 0.0 -0.8473427893695232 0.0 0.0 0.9999999999999999 4.646298248143427 0.0 0.0 0.0 1.0,3.4414940978167343
GOPR1474_20190627_s3_t05_xypts.csv,0.9956498737157011 -0.09317364954700774 0.0 -2.32994334977714 0.09317364954700774 0.9956498737157011 0.0 -0.7982724354420562 0.0 0.0 1.0 4.646298248143427 0.0 0.0 0.0 1.0,3.4414940978167343
GOPR1474_20190627_s3_t06_xypts.csv,0.9928500138242212 -0.11936854715226916 0.0 -2.308404807629673 0.11936854715226916 0.9928500138242212 0.0 -0.8095150037147626 0.0 0.0 0.9999999999999999 4.646298248143427 0.0 0.0 0.0 1.0,3.4414940978167343
GP011474_20190627_s3_t07_xypts.csv,0.9974530722391637 -0.07132579253435246 0.0 -2.2418143875272363 0.07132579253435246 0.9974530722391637 0.0 -0.8266238190508567 0.0 0.0 1.0 4.646298248143427 0.0 0.0 0.0 1.0,3.4414940978167343
GP011474_20190627_s3_t08_xypts.csv,0.9946786485876767 -0.1030261425260263 0.0 -2.3559405666142252 0.1030261425260263 0.9946786485876767 0.0 -0.6965754577280727 0.0 0.0 0.9999999999999999 4.646298248143427 0.0 0.0 0.0 1.0,3.4414940978167343
GP011474_20190627_s3_t09_xypts.csv,0.9921625081726636 -0.12495422112329467 0.0 -2.31525420344947 0.12495422112329467 0.9921625081726636 0.0 -0.7743526572764469 0.0 0.0 0.9999999999999999 4.646298248143427 0.0 0.0 0.0 1.0,3.4414940978167343
GP011474_20190627_s3_t10_xypts.csv,0.9926075315715074 -0.12136839896578916 0.0 -2.3763799713564167 0.12136839896578916 0.9926075315715074 0.0 -0.7111365661998525 0.0 0.0 0.9999999999999999 4.646298248143427 0.0 0.0 0.0 1.0,3.4414940978167343
GP011474_20190627_s3_t11_xypts.csv,0.9932883246492403 -0.11566461911710758 0.0 -2.3672846299539545 0.11566461911710758 0.9932883246492403 0.0 -0.7064805957487421 0.0 0.0 1.0 4.646298248143427 0.0 0.0 0.0 1.0,3.4414940978167343
GOPR1475_20190628_s1_t01_xypts.csv,0.9984122442021968 -0.056329305225016 0.0 -2.3074359714278487 0.056329305225016 0.9984122442021968 0.0 -0.31262549915190374 0.0 0.0 1.0 4.46439991125388 0.0 0.0 0.0 1.0,3.4414940978167343
GOPR1475_20190628_s1_t02_xypts.csv,0.9995248231557684 -0.03082414468286376 0.0 -2.217722433694206 0.03082414468286376 0.9995248231557684 0.0 -0.3474532512690638 0.0 0.0 1.0 4.46439991125388 0.0 0.0 0.0 1.0,3.4414940978167343
GOPR1475_20190628_s1_t03_xypts.csv,0.999499239733611 -0.03164284708956557 0.0 -2.286478475556467 0.03164284708956557 0.999499239733611 0.0 -0.24552785586301815 0.0 0.0 1.0 4.46439991125388 0.0 0.0 0.0 1.0,3.4414940978167343
GOPR1475_20190628_s1_t04_xypts.csv,0.9999794372821464 -0.006412878673538482 0.0 -2.306427763531852 0.006412878673538482 0.9999794372821464 0.0 -0.22186468887621918 0.0 0.0 1.0 4.46439991125388 0.0 0.0 0.0 1.0,3.4414940978167343
GP011475_20190628_s1_t05_xypts.csv,0.9989658887815589 -0.04546595485492767 0.0 -2.3592152054817963 0.04546595485492767 0.9989658887815589 0.0 -0.305531202266906 0.0 0.0 1.0 4.46439991125388 0.0 0.0 0.0 1.0,3.4414940978167343
GP011475_20190628_s1_t06_xypts.csv,0.9965311118761767 -0.08322104939756045 0.0 -2.253064015059032 0.08322104939756045 0.9965311118761767 0.0 -0.27722247099683045 0.0 0.0 1.0 4.46439991125388 0.0 0.0 0.0 1.0,3.4414940978167343
GP011475_20190628_s1_t07_xypts.csv,0.9913184043007667 -0.1314831597375933 0.0 -2.2855479213390355 0.1314831597375933 0.9913184043007667 0.0 -0.20802029341159198 0.0 0.0 0.9999999999999999 4.46439991125388 0.0 0.0 0.0 1.0,3.4414940978167343
GP011475_20190628_s1_t08_xypts.csv,0.9998759844784475 -0.015748513049028325 0.0 -2.2325317092835326 0.015748513049028325 0.9998759844784475 0.0 -0.31493848821061643 0.0 0.0 1.0 4.46439991125388 0.0 0.0 0.0 1.0,3.4414940978167343
GP011475_20190628_s1_t09_xypts.csv,0.9998336073119922 -0.0182416471155625 0.0 -2.2371527476114235 0.0182416471155625 0.9998336073119922 0.0 -0.30308361281223745 0.0 0.0 1.0 4.46439991125388 0.0 0.0 0.0 1.0,3.4414940978167343
GP011475_20190628_s1_t10_xypts.csv,0.9958033867229079 -0.09151838608272618 0.0 -2.263433848999055 0.09151838608272618 0.9958033867229079 0.0 -0.2344225619521382 0.0 0.0 1.0 4.46439991125388 0.0 0.0 0.0 1.0,3.4414940978167343
GOPR1476_20190628_s2_t01_xypts.csv,0.999918801156822 -0.012743276388107903 0.0 -2.34072907419066 0.012743276388107903 0.999918801156822 0.0 -0.5343139687375734 0.0 0.0 0.9999999999999999 4.621797258091071 0.0 0.0 0.0 1.0,3.4414940978167343
GOPR1476_20190628_s2_t02_xypts.csv,0.9999852508139092 -0.005431220364090535 0.0 -2.3357433909491117 0.005431220364090535 0.9999852508139092 0.0 -0.5388977574996396 0.0 0.0 1.0 4.621797258091071 0.0 0.0 0.0 1.0,3.4414940978167343
GOPR1476_20190628_s2_t03_xypts.csv,0.9999912334846188 -0.0041872370258392595 0.0 -2.3220749538844907 0.0041872370258392595 0.9999912334846188 0.0 -0.5274018138643302 0.0 0.0 1.0 4.621797258091071 0.0 0.0 0.0 1.0,3.4414940978167343
GOPR1476_20190628_s2_t04_xypts.csv,0.9999636516362878 -0.008526160109989151 0.0 -2.3171318092321647 0.008526160109989151 0.9999636516362878 0.0 -0.5094141110674602 0.0 0.0 1.0 4.621797258091071 0.0 0.0 0.0 1.0,3.4414940978167343
GOPR1476_20190628_s2_t05_xypts.csv,0.9995945369617631 -0.028473877084066925 0.0 -2.3074930417667567 0.028473877084066925 0.9995945369617631 0.0 -0.5143682533370347 0.0 0.0 1.0 4.621797258091071 0.0 0.0 0.0 1.0,3.4414940978167343
GOPR1476_20190628_s2_t06_xypts.csv,0.99941230059935 -0.034279052068488754 0.0 -2.308235337675727 0.034279052068488754 0.99941230059935 0.0 -0.4900444006472706 0.0 0.0 1.0 4.621797258091071 0.0 0.0 0.0 1.0,3.4414940978167343
GP011476_20190628_s2_t07_xypts.csv,0.9994424769348086 -0.033387651885312716 0.0 -2.309404895905844 0.033387651885312716 0.9994424769348086 0.0 -0.47839083727169424 0.0 0.0 1.0 4.621797258091071 0.0 0.0 0.0 1.0,3.4414940978167343
GP011476_20190628_s2_t08_xypts.csv,0.9995554151705224 -0.02981563353820313 0.0 -2.2905488245959367 0.02981563353820313 0.9995554151705224 0.0 -0.4943789238463877 0.0 0.0 1.0 4.621797258091071 0.0 0.0 0.0 1.0,3.4414940978167343
GP011476_20190628_s2_t09_xypts.csv,0.9987849553826971 -0.049280958809504144 0.0 -2.29329740345868 0.049280958809504144 0.9987849553826971 0.0 -0.4759538832046054 0.0 0.0 1.0 4.621797258091071 0.0 0.0 0.0 1.0,3.4414940978167343
GP011476_20190628_s2_t10_xypts.csv,0.9993645034055877 -0.03564532694342041 0.0 -2.2827165841268218 0.03564532694342041 0.9993645034055877 0.0 -0.4957236752604564 0.0 0.0 1.0 4.621797258091071 0.0 0.0 0.0 1.0,3.4414940978167343
GP011476_20190628_s2_t11_xypts.csv,0.9995750326865971 -0.029150540811254035 0.0 -2.299331126651783 0.029150540811254035 0.9995750326865971 0.0 -0.49394144178964483 0.0 0.0 1.0 4.621797258091071 0.0 0.0 0.0 1.0,3.4414940978167343
GOPR1477_20190628_s3_t01_xypts.csv,0.9996976265338726 -0.02458974384864484 0.0 -2.313019854483536 0.02458974384864484 0.9996976265338726 0.0 -0.6328231800214451 0.0 0.0 1.0 4.6803523222755 0.0 0.0 0.0 1.0,3.4414940978167343
GOPR1477_20190628_s3_t02_xypts.csv,0.9997038385818356 -0.024335881425230438 0.0 -2.3733228821470944 0.024335881425230438 0.9997038385818356 0.0 -0.6143854873582784 0.0 0.0 0.9999999999999999 4.6803523222755 0.0 0.0 0.0 1.0,3.4414940978167343
GOPR1477_20190628_s3_t03_xypts.csv,0.9986261559534542 -0.05240038783852121 0.0 -2.4357037736998106 0.05240038783852121 0.9986261559534542 0.0 -0.489246130616593 0.0 0.0 1.0 4.6803523222755 0.0 0.0 0.0 1.0,3.4414940978167343
GOPR1477_20190628_s3_t04_xypts.csv,0.9996850175418135 -0.02509712538168566 0.0 -2.3246427241722065 0.02509712538168566 0.9996850175418135 0.0 -0.6373103387317044 0.0 0.0 1.0 4.6803523222755 0.0 0.0 0.0 1.0,3.4414940978167343
GOPR1477_20190628_s3_t05_xypts.csv,0.9990231563323804 -0.04418973989160914 0.0 -2.382719147916749 0.04418973989160914 0.9990231563323804 0.0 -0.4980129796455788 0.0 0.0 1.0 4.6803523222755 0.0 0.0 0.0 1.0,3.4414940978167343
GOPR1477_20190628_s3_t06_xypts.csv,0.9999945355700558 -0.0033058781024728136 0.0 -2.3929061516933148 0.0033058781024728136 0.9999945355700558 0.0 -0.5819982828742698 0.0 0.0 1.0 4.6803523222755 0.0 0.0 0.0 1.0,3.4414940978167343
GOPR1477_20190628_s3_t07_xypts.csv,0.9947347934142747 -0.10248263643691145 0.0 -2.3758441793393654 0.10248263643691145 0.9947347934142747 0.0 -0.42880207229778533 0.0 0.0 1.0 4.6803523222755 0.0 0.0 0.0 1.0,3.4414940978167343
GOPR1477_20190628_s3_t08_xypts.csv,0.9972772376780693 -0.07374355028881957 0.0 -2.367492455861787 0.07374355028881957 0.9972772376780693 0.0 -0.41681420469291736 0.0 0.0 0.9999999999999999 4.6803523222755 0.0 0.0 0.0 1.0,3.4414940978167343
GOPR1477_20190628_s3_t09_xypts.csv,0.9889405934047533 -0.14831217993224383 0.0 -2.277556308170135 0.14831217993224383 0.9889405934047533 0.0 -0.4083681292661025 0.0 0.0 1.0 4.6803523222755 0.0 0.0 0.0 1.0,3.4414940978167343
GOPR1477_20190628_s3_t10_xypts.csv,0.9872169108510505 -0.15938246744767473 0.0 -2.3581848404703205 0.15938246744767473 0.9872169108510505 0.0 -0.2500123896684301 0.0 0.0 1.0 4.6803523222755 0.0 0.0 0.0 1.0,3.4414940978167343
GOPR1478_20190701_s1_t01_xypts.csv,0.9999590703842189 -0.009047516583485782 0.0 -2.291898246625658 0.009047516583485782 0.9999590703842189 0.0 -0.26906916068104975 0.0 0.0 1.0 4.4522977906751935 0.0 0.0 0.0 1.0,3.4414940978167343
GP011478_20190701_s1_t02_xypts.csv,0.9981784909858882 -0.06032992734236593 0.0 -2.3176170359823542 0.06032992734236593 0.9981784909858882 0.0 -0.330865917032151 0.0 0.0 1.0 4.4522977906751935 0.0 0.0 0.0 1.0,3.4414940978167343
GP011478_20190701_s1_t03_xypts.csv,0.9995117079694391 -0.03124652991957135 0.0 -2.285825956946157 0.03124652991957135 0.9995117079694391 0.0 -0.35248422183399153 0.0 0.0 1.0 4.4522977906751935 0.0 0.0 0.0 1.0,3.4414940978167343
GP011478_20190701_s1_t04_xypts.csv,0.9996826802485421 -0.025190053812791144 0.0 -2.2613209023568257 0.025190053812791144 0.9996826802485421 0.0 -0.37068181167236747 0.0 0.0 1.0 4.4522977906751935 0.0 0.0 0.0 1.0,3.4414940978167343
GP011478_20190701_s1_t05_xypts.csv,0.998651431032291 -0.051916464605722704 0.0 -2.288269926133279 0.051916464605722704 0.998651431032291 0.0 -0.34740455417101557 0.0 0.0 1.0 4.4522977906751935 0.0 0.0 0.0 1.0,3.4414940978167343
GP011478_20190701_s1_t06_xypts.csv,0.9998973964179015 -0.014324686268888456 0.0 -2.276817818734623 0.014324686268888456 0.9998973964179015 0.0 -0.3583345913677597 0.0 0.0 1.0 4.4522977906751935 0.0 0.0 0.0 1.0,3.4414940978167343
GP011478_20190701_s1_t07_xypts.csv,0.99994715751443 -0.010280183792714644 0.0 -2.310374703793935 0.010280183792714644 0.99994715751443 0.0 -0.26179934265037286 0.0 0.0 1.0 4.4522977906751935 0.0 0.0 0.0 1.0,3.4414940978167343
GP011478_20190701_s1_t08_xypts.csv,0.9998633077537514 -0.01653377778146777 0.0 -2.2343852659779566 0.01653377778146777 0.9998633077537514 0.0 -0.36156948137720013 0.0 0.0 0.9999999999999999 4.4522977906751935 0.0 0.0 0.0 1.0,3.4414940978167343
GP011478_20190701_s1_t09_xypts.csv,0.9991682146519849 -0.040778411312421284 0.0 -2.3068140986085273 0.040778411312421284 0.9991682146519849 0.0 -0.2549038274940808 0.0 0.0 1.0 4.4522977906751935 0.0 0.0 0.0 1.0,3.4414940978167343
GP011478_20190701_s1_t10_xypts.csv,0.9998987373384165 -0.014230778933008168 0.0 -2.271255268185642 0.014230778933008168 0.9998987373384165 0.0 -0.3556205560987435 0.0 0.0 1.0 4.4522977906751935 0.0 0.0 0.0 1.0,3.4414940978167343
GP011479_20190701_s2_t01_xypts.csv,0.9997706654376777 -0.02141533399934255 0.0 -2.2735110156738942 0.02141533399934255 0.9997706654376777 0.0 -0.5060215912633681 0.0 0.0 1.0 4.4821747436578026 0.0 0.0 0.0 1.0,3.4414940978167343
GP011479_20190701_s2_t02_xypts.csv,0.9978334046666821 -0.06579131045432672 0.0 -2.3333810656274943 0.06579131045432672 0.9978334046666821 0.0 -0.46405647618176615 0.0 0.0 1.0 4.4821747436578026 0.0 0.0 0.0 1.0,3.4414940978167343
GP011479_20190701_s2_t03_xypts.csv,0.9997402267023497 -0.02279208444031749 0.0 -2.316208273267084 0.02279208444031749 0.9997402267023497 0.0 -0.4097390752489058 0.0 0.0 1.0 4.4821747436578026 0.0 0.0 0.0 1.0,3.4414940978167343
GP021479_20190701_s2_t04_xypts.csv,0.9972510254885437 -0.07409718052698193 0.0 -2.3015542727567366 0.07409718052698193 0.9972510254885437 0.0 -0.5126585185320821 0.0 0.0 1.0000000000000002 4.4821747436578026 0.0 0.0 0.0 1.0,3.4414940978167343
GP021479_20190701_s2_t05_xypts.csv,0.9987435760337869 -0.05011256660004024 0.0 -2.314665000633314 0.05011256660004024 0.9987435760337869 0.0 -0.4592059264042154 0.0 0.0 1.0 4.4821747436578026 0.0 0.0 0.0 1.0,3.4414940978167343
GP021479_20190701_s2_t06_xypts.csv,0.9998353502317845 -0.01814586528344246 0.0 -2.3113235457819723 0.01814586528344246 0.9998353502317845 0.0 -0.5046737520550912 0.0 0.0 1.0 4.4821747436578026 0.0 0.0 0.0 1.0,3.4414940978167343
GP021479_20190701_s2_t07_xypts.csv,0.9995654477148466 -0.029477376657673166 0.0 -2.3061649595809013 0.029477376657673166 0.9995654477148466 0.0 -0.45540902702587305 0.0 0.0 1.0 4.4821747436578026 0.0 0.0 0.0 1.0,3.4414940978167343
GP021479_20190701_s2_t08_xypts.csv,0.9980507683159168 -0.062407242079813526 0.0 -2.325846190818081 0.062407242079813526 0.9980507683159168 0.0 -0.45730930789549634 0.0 0.0 1.0 4.4821747436578026 0.0 0.0 0.0 1.0,3.4414940978167343
GP021479_20190701_s2_t09_xypts.csv,0.9988818088542479 -0.047277182023315406 0.0 -2.3243464084538132 0.047277182023315406 0.9988818088542479 0.0 -0.47815746754243993 0.0 0.0 1.0 4.4821747436578026 0.0 0.0 0.0 1.0,3.4414940978167343
GP021479_20190701_s2_t10_xypts.csv,0.9996705698023689 -0.02566616198435804 0.0 -2.3278543952245507 0.02566616198435804 0.9996705698023689 0.0 -0.4009534888922798 0.0 0.0 1.0 4.4821747436578026 0.0 0.0 0.0 1.0,3.4414940978167343
GP021479_20190701_s2_t11_xypts.csv,0.9999202899405681 -0.012625916409131072 0.0 -2.316670762312012 0.012625916409131072 0.9999202899405681 0.0 -0.39968011961681754 0.0 0.0 1.0 4.4821747436578026 0.0 0.0 0.0 1.0,3.4414940978167343
GOPR1481_20190702_s1_t01_xypts.csv,0.9999783450514774 -0.006580989903394343 0.0 -2.1427044875982166 0.006580989903394343 0.9999783450514774 0.0 -0.4527834435832331 0.0 0.0 1.0 4.291069463373434 0.0 0.0 0.0 1.0,3.4414940978167343
GOPR1481_20190702_s1_t02_xypts.csv,0.9976001536539367 -0.06923823676005629 0.0 -2.1739433493257536 0.06923823676005629 0.9976001536539367 0.0 -0.4766773158078223 0.0 0.0 1.0 4.291069463373434 0.0 0.0 0.0 1.0,3.4414940978167343
GOPR1481_20190702_s1_t03_xypts.csv,0.999118682119002 -0.04197450465209078 0.0 -2.1892234160502477 0.04197450465209078 0.999118682119002 0.0 -0.4213871961221585 0.0 0.0 0.9999999999999999 4.291069463373434 0.0 0.0 0.0 1.0,3.4414940978167343
GOPR1481_20190702_s1_t04_xypts.csv,0.9997796174950291 -0.020993247521371234 0.0 -2.1607657931138036 0.020993247521371234 0.9997796174950291 0.0 -0.500025623329068 0.0 0.0 1.0 4.291069463373434 0.0 0.0 0.0 1.0,3.4414940978167343
GOPR1481_20190702_s1_t05_xypts.csv,0.9977813958842946 -0.0665754160872375 0.0 -2.177386242742731 0.0665754160872375 0.9977813958842946 0.0 -0.4736476499935098 0.0 0.0 1.0 4.291069463373434 0.0 0.0 0.0 1.0,3.4414940978167343
GOPR1481_20190702_s1_t06_xypts.csv,0.9998717205386803 -0.016016943123427756 0.0 -2.161193920231162 0.016016943123427756 0.9998717205386803 0.0 -0.5311673099166935 0.0 0.0 1.0 4.291069463373434 0.0 0.0 0.0 1.0,3.4414940978167343
GOPR1481_20190702_s1_t07_xypts.csv,0.99955811584483 -0.029724956664950255 0.0 -2.091163018645839 0.029724956664950255 0.99955811584483 0.0 -0.6268517828060325 0.0 0.0 0.9999999999999999 4.291069463373434 0.0 0.0 0.0 1.0,3.4414940978167343
GOPR1481_20190702_s1_t08_xypts.csv,0.9980167687172823 -0.06294862475951857 0.0 -2.114982165581226 0.06294862475951857 0.9980167687172823 0.0 -0.5378569688390915 0.0 0.0 1.0 4.291069463373434 0.0 0.0 0.0 1.0,3.4414940978167343
GOPR1481_20190702_s1_t09_xypts.csv,0.9998932304922535 -0.014612584157675213 0.0 -2.0992887666432374 0.014612584157675213 0.9998932304922535 0.0 -0.5439353455472012 0.0 0.0 0.9999999999999999 4.291069463373434 0.0 0.0 0.0 1.0,3.4414940978167343
GP011481_20190702_s1_t10_xypts.csv,0.9990002409116142 -0.04470479458108229 0.0 -2.096913650570152 0.04470479458108229 0.9990002409116142 0.0 -0.5991787461260836 0.0 0.0 0.9999999999999999 4.291069463373434 0.0 0.0 0.0 1.0,3.4414940978167343
GOPR1482_20190702_s2_t01_xypts.csv,0.9999999874755906 -0.0001582681851100884 0.0 -2.062836604691826 0.0001582681851100884 0.9999999874755906 0.0 -0.36853348955767506 0.0 0.0 0.9999999999999999 4.118371222350323 0.0 0.0 0.0 1.0,3.4414940978167343
GOPR1482_20190702_s2_t02_xypts.csv,0.9995498479231776 -0.030001691898171208 0.0 -2.0657789453085007 0.030001691898171208 0.9995498479231776 0.0 -0.3222207791711054 0.0 0.0 1.0 4.118371222350323 0.0 0.0 0.0 1.0,3.4414940978167343
GOPR1482_20190702_s2_t03_xypts.csv,0.9998251983235287 -0.01869686597579327 0.0 -2.0555575649770135 0.01869686597579327 0.9998251983235287 0.0 -0.30936219734293263 0.0 0.0 1.0 4.118371222350323 0.0 0.0 0.0 1.0,3.4414940978167343
GOPR1482_20190702_s2_t04_xypts.csv,0.9997526146175774 -0.02224206746949612 0.0 -2.0615053394245186 0.02224206746949612 0.9997526146175774 0.0 -0.3154783818275535 0.0 0.0 0.9999999999999999 4.118371222350323 0.0 0.0 0.0 1.0,3.4414940978167343
GOPR1482_20190702_s2_t05_xypts.csv,0.9999833998054581 -0.005761953966931689 0.0 -2.0492298774597186 0.005761953966931689 0.9999833998054581 0.0 -0.3486081024546294 0.0 0.0 1.0 4.118371222350323 0.0 0.0 0.0 1.0,3.4414940978167343
GOPR1482_20190702_s2_t06_xypts.csv,0.9999956224167743 -0.0029589098141282947 0.0 -2.0496935344272513 0.0029589098141282947 0.9999956224167743 0.0 -0.368624827362175 0.0 0.0 1.0 4.118371222350323 0.0 0.0 0.0 1.0,3.4414940978167343
GOPR1482_20190702_s2_t07_xypts.csv,0.9998181686501658 -0.01906907541095223 0.0 -2.0233594433041566 0.01906907541095223 0.9998181686501658 0.0 -0.381511214725194 0.0 0.0 0.9999999999999999 4.118371222350323 0.0 0.0 0.0 1.0,3.4414940978167343
GOPR1482_20190702_s2_t08_xypts.csv,0.9999842060767014 -0.005620284436668366 0.0 -2.0518072602248845 0.005620284436668366 0.9999842060767014 0.0 -0.3756853023390928 0.0 0.0 0.9999999999999999 4.118371222350323 0.0 0.0 0.0 1.0,3.4414940978167343
GOPR1482_20190702_s2_t09_xypts.csv,0.9998929114486275 -0.014634399023788413 0.0 -2.044499514232873 0.014634399023788413 0.9998929114486275 0.0 -0.377302364486211 0.0 0.0 1.0 4.118371222350323 0.0 0.0 0.0 1.0,3.4414940978167343
GOPR1482_20190702_s2_t10_xypts.csv,0.9999630113828616 -0.008600922399314228 0.0 -2.025151924373411 0.008600922399314228 0.9999630113828616 0.0 -0.38191916100309786 0.0 0.0 1.0 4.118371222350323 0.0 0.0 0.0 1.0,3.4414940978167343
GP011482_20190702_s2_t11_xypts.csv,0.999437559122738 -0.03353454062281978 0.0 -2.01589836759708 0.03353454062281978 0.999437559122738 0.0 -0.3751631785649133 0.0 0.0 1.0 4.118371222350323 0.0 0.0 0.0 1.0,3.4414940978167343
GOPR1483_20190702_s3_t01_xypts.csv,0.9986884061269682 -0.05120026823734278 0.0 -2.1584944513201365 0.05120026823734278 0.9986884061269682 0.0 -0.6281844089634294 0.0 0.0 0.9999999999999999 4.441745093357296 0.0 0.0 0.0 1.0,3.4414940978167343
GOPR1483_20190702_s3_t02_xypts.csv,0.9991217886953703 -0.041900493483539046 0.0 -2.1670516309898953 0.041900493483539046 0.9991217886953703 0.0 -0.6486788772789123 0.0 0.0 1.0 4.441745093357296 0.0 0.0 0.0 1.0,3.4414940978167343
GOPR1483_20190702_s3_t03_xypts.csv,0.9980531506738419 -0.06236913042537457 0.0 -2.2204333184151155 0.06236913042537457 0.9980531506738419 0.0 -0.5569270888246364 0.0 0.0 1.0 4.441745093357296 0.0 0.0 0.0 1.0,3.4414940978167343
GOPR1483_20190702_s3_t04_xypts.csv,0.9992370040303377 -0.03905649467726435 0.0 -2.228904399334147 0.03905649467726435 0.9992370040303377 0.0 -0.5641237921969645 0.0 0.0 1.0 4.441745093357296 0.0 0.0 0.0 1.0,3.4414940978167343
GOPR1483_20190702_s3_t05_xypts.csv,0.9985364081537705 -0.05408365364291503 0.0 -2.1980960877656917 0.05408365364291503 0.9985364081537705 0.0 -0.607834519477439 0.0 0.0 1.0000000000000002 4.441745093357296 0.0 0.0 0.0 1.0,3.4414940978167343
GOPR1483_20190702_s3_t06_xypts.csv,0.9985649755206802 -0.05355361484889016 0.0 -2.222919007237578 0.05355361484889016 0.9985649755206802 0.0 -0.6085236671399239 0.0 0.0 1.0 4.441745093357296 0.0 0.0 0.0 1.0,3.4414940978167343
GOPR1483_20190702_s3_t07_xypts.csv,0.9991804323177866 -0.04047794057559275 0.0 -2.247876095030447 0.04047794057559275 0.9991804323177866 0.0 -0.5524875472606643 0.0 0.0 1.0 4.441745093357296 0.0 0.0 0.0 1.0,3.4414940978167343
GOPR1483_20190702_s3_t08_xypts.csv,0.9987930342209261 -0.04911695014713225 0.0 -2.224290600302234 0.04911695014713225 0.9987930342209261 0.0 -0.6392659208909814 0.0 0.0 1.0 4.441745093357296 0.0 0.0 0.0 1.0,3.4414940978167343
GOPR1483_20190702_s3_t09_xypts.csv,0.9968728614576102 -0.07902213670432146 0.0 -2.200734496767272 0.07902213670432146 0.9968728614576102 0.0 -0.6433599977243335 0.0 0.0 1.0 4.441745093357296 0.0 0.0 0.0 1.0,3.4414940978167343
GP011483_20190702_s3_t10_xypts.csv,0.998256813409295 -0.05901978042927712 0.0 -2.2105515308663533 0.05901978042927712 0.998256813409295 0.0 -0.6051633568358831 0.0 0.0 1.0 4.441745093357296 0.0 0.0 0.0 1.0,3.4414940978167343
GOPR1484_20190703_s1_t01_xypts.csv,0.9998098669013081 -0.01949948837248097 0.0 -2.351642518684125 0.01949948837248097 0.9998098669013081 0.0 -0.39676954889559984 0.0 0.0 1.0 4.427522735027596 0.0 0.0 0.0 1.0,3.4414940978167343
GOPR1484_20190703_s1_t02_xypts.csv,0.9998972592400946 -0.014334258409382605 0.0 -2.3051815148175425 0.014334258409382605 0.9998972592400946 0.0 -0.40514999753139735 0.0 0.0 1.0 4.427522735027596 0.0 0.0 0.0 1.0,3.4414940978167343
GOPR1484_20190703_s1_t03_xypts.csv,0.9951497415983548 -0.0983717022152584 0.0 -2.316615351567999 0.0983717022152584 0.9951497415983548 0.0 -0.3801454461199497 0.0 0.0 1.0 4.427522735027596 0.0 0.0 0.0 1.0,3.4414940978167343
GOPR1484_20190703_s1_t04_xypts.csv,0.9985557805781771 -0.05372479012437108 0.0 -2.3198804024409156 0.05372479012437108 0.9985557805781771 0.0 -0.4038639929476956 0.0 0.0 1.0 4.427522735027596 0.0 0.0 0.0 1.0,3.4414940978167343
GOPR1484_20190703_s1_t05_xypts.csv,0.9934965234791745 -0.11386245138233267 0.0 -2.330623247484301 0.11386245138233267 0.9934965234791745 0.0 -0.32541175356996077 0.0 0.0 0.9999999999999999 4.427522735027596 0.0 0.0 0.0 1.0,3.4414940978167343
GOPR1484_20190703_s1_t06_xypts.csv,0.9991576912380202 -0.04103544857691986 0.0 -2.3145588334194107 0.04103544857691986 0.9991576912380202 0.0 -0.40564730677096067 0.0 0.0 1.0 4.427522735027596 0.0 0.0 0.0 1.0,3.4414940978167343
GOPR1484_20190703_s1_t07_xypts.csv,0.9983747284838781 -0.056990363437536294 0.0 -2.356412215674646 0.056990363437536294 0.9983747284838781 0.0 -0.32083151712183733 0.0 0.0 0.9999999999999999 4.427522735027596 0.0 0.0 0.0 1.0,3.4414940978167343
GOPR1484_20190703_s1_t08_xypts.csv,0.9969851419885063 -0.0775926971702746 0.0 -2.3116284007908496 0.0775926971702746 0.9969851419885063 0.0 -0.40375780006003614 0.0 0.0 1.0 4.427522735027596 0.0 0.0 0.0 1.0,3.4414940978167343
GOPR1484_20190703_s1_t09_xypts.csv,0.9961254482723657 -0.08794368257116736 0.0 -2.345018666342356 0.08794368257116736 0.9961254482723657 0.0 -0.3266566098888761 0.0 0.0 0.9999999999999999 4.427522735027596 0.0 0.0 0.0 1.0,3.4414940978167343
GOPR1484_20190703_s1_t10_xypts.csv,0.9970954564021822 -0.0761620037953567 0.0 -2.312304233782019 0.0761620037953567 0.9970954564021822 0.0 -0.40773704700518043 0.0 0.0 0.9999999999999999 4.427522735027596 0.0 0.0 0.0 1.0,3.4414940978167343
GOPR1485_20190703_s2_t01_xypts.csv,0.996367617241304 -0.08515615839671366 0.0 -2.229513603744708 0.08515615839671366 0.996367617241304 0.0 -0.48658486389562794 0.0 0.0 0.9999999999999999 4.237088485230186 0.0 0.0 0.0 1.0,3.4414940978167343
GOPR1485_20190703_s2_t02_xypts.csv,0.9637354156067168 -0.2668596048587133 0.0 -2.189278185581914 0.2668596048587133 0.9637354156067168 0.0 -0.4695221192636129 0.0 0.0 1.0 4.237088485230186 0.0 0.0 0.0 1.0,3.4414940978167343
GOPR1485_20190703_s2_t03_xypts.csv,0.998555965404416 -0.053721354741428876 0.0 -2.2043378654996757 0.053721354741428876 0.998555965404416 0.0 -0.4697264725263132 0.0 0.0 1.0 4.237088485230186 0.0 0.0 0.0 1.0,3.4414940978167343
GOPR1485_20190703_s2_t04_xypts.csv,0.9999886045754414 -0.004773962637219773 0.0 -2.1617478938085286 0.004773962637219773 0.9999886045754414 0.0 -0.4703895339958877 0.0 0.0 1.0 4.237088485230186 0.0 0.0 0.0 1.0,3.4414940978167343
GOPR1485_20190703_s2_t05_xypts.csv,0.9997181564792151 -0.023740421348394315 0.0 -2.1826815330064946 0.023740421348394315 0.9997181564792151 0.0 -0.46917538348945137 0.0 0.0 0.9999999999999999 4.237088485230186 0.0 0.0 0.0 1.0,3.4414940978167343
GP011485_20190703_s2_t06_xypts.csv,0.9967485807751494 -0.08057460345993335 0.0 -2.2259617101815663 0.08057460345993335 0.9967485807751494 0.0 -0.48554982595510726 0.0 0.0 1.0 4.237088485230186 0.0 0.0 0.0 1.0,3.4414940978167343
GP011485_20190703_s2_t07_xypts.csv,0.9989493202977195 -0.04582854434437501 0.0 -2.1966626899644695 0.04582854434437501 0.9989493202977195 0.0 -0.4717976564578279 0.0 0.0 1.0 4.237088485230186 0.0 0.0 0.0 1.0,3.4414940978167343
GP011485_20190703_s2_t08_xypts.csv,0.9998861610134789 -0.015088572289221214 0.0 -2.1759861980639696 0.015088572289221214 0.9998861610134789 0.0 -0.45948652136642126 0.0 0.0 0.9999999999999999 4.237088485230186 0.0 0.0 0.0 1.0,3.4414940978167343
GP011485_20190703_s2_t09_xypts.csv,0.9992007615618191 -0.03997296704375192 0.0 -2.192247456349225 0.03997296704375192 0.9992007615618191 0.0 -0.4768414388066417 0.0 0.0 1.0000000000000002 4.237088485230186 0.0 0.0 0.0 1.0,3.4414940978167343
GP011485_20190703_s2_t10_xypts.csv,0.9999819555898872 -0.00600737002562748 0.0 -2.166263055433458 0.00600737002562748 0.9999819555898872 0.0 -0.46506300462089994 0.0 0.0 1.0 4.237088485230186 0.0 0.0 0.0 1.0,3.4414940978167343
